1 0 1.988000
2 3 1.975000
3 4 1.961000
4 5 1.946000
5 6 1.930000
6 7 1.913000
7 8 1.895000
8 9 1.877000
9 9 1.859000
10 9 1.840000
11 10 1.820000
12 11 1.799000
13 12 1.777000
14 13 1.754000
15 14 2.730000
16 15 2.705000
17 16 2.680000
18 16 3.654000
19 17 4.627000
20 18 6.599000
21 19 7.570000
22 20 7.540000
23 21 7.509000
24 22 8.477000
25 23 9.444000
26 24 9.410000
27 25 9.375000
28 26 12.340000
29 26 13.304000
30 27 15.267000
31 28 15.229000
32 29 15.190000
33 30 16.150000
34 31 16.109000
35 32 17.067000
36 33 18.024000
37 34 18.981000
38 34 18.937000
39 35 20.892000
40 36 20.846000
41 37 20.800000
42 37 20.753000
43 38 20.705000
44 39 20.656000
45 40 20.606000
46 41 20.555000
47 42 20.504000
48 42 20.452000
49 43 20.399000
50 44 20.346000
51 44 20.292000
52 45 21.237000
53 46 21.181000
54 47 21.124000
55 48 21.066000
56 49 21.007000
57 50 20.947000
58 51 20.886000
59 52 20.824000
60 53 20.761000
61 54 20.697000
62 55 20.632000
63 56 20.566000
64 57 21.499000
65 58 22.431000
66 59 23.363000
67 59 23.294000
68 60 23.224000
69 61 25.153000
70 62 27.081000
71 63 27.008000
72 64 26.934000
73 65 26.859000
74 66 26.783000
75 67 27.706000
76 68 27.628000
77 69 28.549000
78 70 28.469000
79 71 28.388000
80 72 28.306000
81 73 28.223000
82 74 28.139000
83 75 29.054000
84 76 29.968000
85 77 31.881000
86 78 32.793000
87 79 32.704000
88 80 33.615000
89 80 35.525000
90 81 38.434000
91 82 40.342000
92 83 40.249000
93 84 40.155000
94 85 40.060000
95 86 40.964000
96 87 43.867000
97 88 43.769000
98 89 46.670000
99 90 46.570000
100 91 47.469000
101 92 49.368000
102 92 50.266000
103 93 52.163000
104 94 53.059000
105 95 54.954000
106 96 55.848000
107 97 58.741000
108 98 58.634000
109 98 59.526000
110 99 62.417000
111 100 62.308000
112 100 64.198000
113 101 66.088000
114 101 65.977000
115 102 67.866000
116 102 67.754000
117 103 67.641000
118 104 68.527000
119 105 71.412000
120 106 71.296000
121 107 71.179000
122 108 71.061000
123 109 70.943000
124 109 70.824000
125 110 71.704000
126 111 72.583000
127 112 72.461000
128 113 72.338000
129 114 72.214000
130 115 73.089000
131 116 73.963000
132 117 74.836000
133 118 76.708000
134 119 76.579000
135 120 78.449000
136 121 79.318000
137 122 79.186000
138 123 80.053000
139 124 80.919000
140 125 82.784000
141 126 84.649000
142 126 85.513000
143 127 85.376000
144 128 85.238000
145 129 86.099000
146 130 86.959000
147 131 86.818000
148 132 86.676000
149 133 86.533000
150 134 88.389000
151 135 91.244000
152 136 92.099000
153 136 91.953000
154 137 93.806000
155 138 97.659000
156 138 100.511000
157 139 100.362000
158 140 100.213000
159 140 100.063000
160 141 100.913000
161 141 100.763000
162 141 100.612000
163 142 102.460000
164 143 104.307000
165 144 107.153000
166 145 106.998000
167 146 106.842000
168 147 107.685000
169 148 107.527000
170 149 108.368000
171 150 110.208000
172 151 110.047000
173 152 109.885000
174 153 110.722000
175 154 110.559000
176 154 111.395000
177 155 111.230000
178 156 115.064000
179 157 114.897000
180 158 114.729000
181 159 116.560000
182 160 116.390000
183 161 117.219000
184 162 117.047000
185 163 116.874000
186 164 116.700000
187 165 117.525000
188 166 118.349000
189 167 119.172000
190 168 118.994000
191 169 118.815000
192 170 119.635000
193 171 120.454000
194 172 120.272000
195 173 120.089000
196 174 120.905000
197 175 121.720000
198 176 121.535000
199 176 121.349000
200 177 123.162000
201 178 122.974000
202 179 124.785000
203 180 124.595000
204 181 124.404000
205 182 124.212000
206 183 126.019000
207 184 125.825000
208 185 126.630000
209 186 126.434000
210 187 129.237000
211 188 131.039000
212 189 131.841000
213 189 132.642000
214 190 132.442000
215 191 132.241000
216 192 132.039000
217 193 131.836000
218 194 132.632000
219 195 133.427000
220 196 133.221000
221 197 135.014000
222 198 134.806000
223 199 135.598000
224 199 136.389000
225 200 137.179000
226 201 136.969000
227 201 137.758000
228 202 137.546000
229 203 138.333000
230 204 139.120000
231 204 140.906000
232 205 142.692000
233 205 142.477000
234 206 142.262000
235 206 142.046000
236 207 143.829000
237 208 143.611000
238 209 144.392000
239 210 146.172000
240 211 148.951000
241 212 149.730000
242 212 149.508000
243 213 151.285000
244 214 153.061000
245 215 152.836000
246 216 153.610000
247 217 155.383000
248 218 157.155000
249 219 156.926000
250 220 161.696000
251 221 161.465000
252 222 161.233000
253 223 162.000000
254 224 161.766000
255 225 163.532000
256 225 163.297000
257 226 164.062000
258 226 165.827000
259 226 166.592000
260 226 167.356000
261 227 168.120000
262 227 169.884000
263 227 169.647000
264 228 169.409000
265 229 172.171000
266 229 172.932000
267 230 173.692000
268 231 173.451000
269 232 173.210000
270 232 174.968000
271 233 175.725000
272 234 176.481000
273 235 176.237000
274 235 176.992000
275 236 176.746000
276 237 178.499000
277 238 178.251000
278 239 180.002000
279 240 180.753000
280 240 180.503000
281 241 183.253000
282 241 183.002000
283 242 182.750000
284 243 183.497000
285 244 185.243000
286 245 184.988000
287 246 185.732000
288 247 185.475000
289 248 185.217000
290 249 186.959000
291 249 186.700000
292 250 186.440000
293 251 187.179000
294 252 186.917000
295 253 188.654000
296 254 191.390000
297 255 191.125000
298 256 190.859000
299 257 190.592000
300 258 191.324000
301 259 191.055000
302 260 192.785000
303 261 193.514000
304 262 193.242000
305 263 193.969000
306 264 194.695000
307 265 198.421000
308 265 200.146000
309 266 200.870000
310 267 201.593000
311 268 201.316000
312 268 201.038000
313 269 200.759000
314 270 203.479000
315 271 204.199000
316 271 203.918000
317 272 204.636000
318 273 204.353000
319 274 206.069000
320 275 208.784000
321 276 209.499000
322 276 209.213000
323 277 210.926000
324 278 211.638000
325 279 212.349000
326 280 213.059000
327 281 214.768000
328 282 215.476000
329 283 215.183000
330 284 216.889000
331 285 216.594000
332 286 217.298000
333 287 220.001000
334 288 220.704000
335 288 220.406000
336 289 220.107000
337 290 219.807000
338 291 220.506000
339 292 221.204000
340 293 221.901000
341 294 221.597000
342 295 222.292000
343 296 221.986000
344 297 222.679000
345 298 224.371000
346 299 226.062000
347 300 227.752000
348 301 228.441000
349 302 230.129000
350 303 230.816000
351 304 231.502000
352 305 232.187000
353 306 232.872000
354 306 232.556000
355 307 235.239000
356 308 237.921000
357 309 237.603000
358 309 237.284000
359 310 236.964000
360 311 238.643000
361 312 240.321000
362 313 240.998000
363 314 240.674000
364 315 240.349000
365 316 240.023000
366 317 239.698000
367 316 240.374000
368 315 240.050000
369 315 241.726000
370 315 242.402000
371 315 243.078000
372 315 243.754000
373 315 243.429000
374 316 243.103000
375 317 242.777000
376 317 242.451000
377 317 244.125000
378 317 243.799000
379 317 243.473000
380 317 243.147000
381 317 242.821000
382 317 242.495000
383 317 244.170000
384 316 244.845000
385 316 245.520000
386 316 245.195000
387 316 244.870000
388 316 246.545000
389 316 247.220000
390 316 247.895000
391 316 247.570000
392 316 249.245000
393 316 249.920000
394 316 250.595000
395 316 250.270000
396 316 249.945000
397 316 249.620000
398 316 252.295000
399 316 252.970000
400 316 253.645000
401 316 254.320000
402 316 254.994000
403 317 255.668000
404 317 256.342000
405 317 256.016000
406 317 255.689000
407 318 256.362000
408 318 257.035000
409 318 258.708000
410 318 258.381000
411 318 259.054000
412 318 258.726000
413 319 258.398000
414 319 262.070000
415 319 262.741000
416 320 263.412000
417 320 263.083000
418 320 262.754000
419 320 263.425000
420 320 264.096000
421 320 264.767000
422 320 265.438000
423 320 268.109000
424 320 267.780000
425 320 268.452000
426 319 270.124000
427 319 270.796000
428 319 270.468000
429 319 270.140000
430 319 269.813000
431 318 270.485000
432 319 270.157000
433 319 269.829000
434 319 269.501000
435 319 269.173000
436 319 269.845000
437 319 269.517000
438 319 270.189000
439 319 269.861000
440 319 270.533000
441 319 271.205000
442 319 271.877000
443 319 271.549000
444 319 273.221000
445 319 273.894000
446 318 274.567000
447 318 276.240000
448 318 276.913000
449 318 276.586000
450 318 279.259000
451 318 278.932000
452 318 280.605000
453 318 282.277000
454 319 281.949000
455 319 282.621000
456 319 282.293000
457 319 284.965000
458 319 284.637000
459 319 284.309000
460 319 285.981000
461 319 285.653000
462 319 286.326000
463 318 285.999000
464 318 288.672000
465 318 288.345000
466 318 288.018000
467 318 288.691000
468 318 289.364000
469 318 290.037000
470 318 290.710000
471 318 291.383000
472 318 293.056000
473 318 295.728000
474 319 295.400000
475 319 295.072000
476 319 296.743000
477 320 298.414000
478 320 299.084000
479 321 299.754000
480 321 299.423000
481 322 300.093000
482 321 299.763000
483 321 300.433000
484 321 301.103000
485 321 301.773000
486 321 301.443000
487 321 302.113000
488 321 301.782000
489 322 301.452000
490 321 302.122000
491 321 304.793000
492 320 305.464000
493 320 305.135000
494 320 305.807000
495 319 305.479000
496 319 305.152000
497 318 304.826000
498 317 304.500000
499 317 304.174000
500 317 303.848000
501 317 304.523000
502 316 306.199000
503 315 306.875000
504 315 306.551000
505 315 307.227000
506 315 307.902000
507 316 308.577000
508 316 308.253000
509 315 307.929000
510 315 307.605000
511 315 308.281000
512 315 307.957000
513 315 307.634000
514 314 309.311000
515 314 308.988000
516 314 308.665000
517 314 308.341000
518 315 308.017000
519 315 308.693000
520 315 308.368000
521 316 308.043000
522 316 309.718000
523 316 309.392000
524 317 309.066000
525 317 308.739000
526 318 309.411000
527 319 309.083000
528 319 309.755000
529 319 310.427000
530 319 310.099000
531 319 311.771000
532 319 311.443000
533 319 312.115000
534 319 312.787000
535 319 314.459000
536 319 314.131000
537 319 315.803000
538 319 316.476000
539 318 318.149000
540 318 317.822000
541 318 317.495000
542 318 317.168000
543 318 316.841000
544 318 317.514000
545 318 317.187000
546 318 316.860000
547 318 318.533000
548 318 318.206000
549 318 317.879000
550 318 318.553000
551 317 318.227000
552 317 317.901000
553 317 317.576000
554 316 317.251000
555 316 317.926000
556 316 319.601000
557 316 320.276000
558 316 320.951000
559 316 320.626000
560 316 322.302000
561 315 322.978000
562 315 322.654000
563 315 324.330000
564 315 324.007000
565 314 324.684000
566 314 324.361000
567 314 324.038000
568 314 324.716000
569 313 324.395000
570 312 324.074000
571 312 324.753000
572 312 324.432000
573 312 324.111000
574 312 324.790000
575 312 325.469000
576 312 325.148000
577 312 324.826000
578 313 325.504000
579 313 325.182000
580 313 327.860000
581 313 327.538000
582 313 328.217000
583 312 327.896000
584 312 327.575000
585 312 327.254000
586 312 328.933000
587 312 328.612000
588 312 329.290000
589 313 329.968000
590 313 329.646000
591 313 329.323000
592 314 330.000000
593 314 329.677000
594 314 330.354000
595 314 330.030000
596 315 329.706000
597 315 329.381000
598 316 329.056000
599 316 328.730000
600 317 328.404000
601 317 329.078000
602 317 330.752000
603 317 331.426000
604 317 333.100000
605 317 332.774000
606 317 332.447000
607 318 333.120000
608 318 335.793000
609 318 337.466000
610 318 338.139000
611 318 337.813000
612 317 339.487000
613 317 339.161000
614 317 339.835000
615 317 339.509000
616 317 340.183000
617 317 339.857000
618 317 339.531000
619 317 339.205000
620 317 339.878000
621 318 339.551000
622 318 340.223000
623 319 340.894000
624 320 341.565000
625 320 341.236000
626 320 340.906000
627 321 340.575000
628 322 341.244000
629 322 340.914000
630 321 342.583000
631 322 342.252000
632 322 342.921000
633 322 343.590000
634 322 343.258000
635 323 342.926000
636 323 342.594000
637 323 342.262000
638 323 341.929000
639 324 341.596000
640 324 342.263000
641 324 343.930000
642 324 343.597000
643 324 344.264000
644 324 343.930000
645 325 343.596000
646 325 343.261000
647 326 342.926000
648 326 342.592000
649 325 343.258000
650 325 343.924000
651 325 345.590000
652 325 345.257000
653 324 344.924000
654 324 344.591000
655 324 346.258000
656 324 345.925000
657 324 345.592000
658 324 345.259000
659 324 344.926000
660 324 344.593000
661 324 344.260000
662 324 344.927000
663 324 344.594000
664 324 346.261000
665 324 346.928000
666 324 348.596000
667 323 349.264000
668 323 348.932000
669 323 348.600000
670 323 349.268000
671 323 350.937000
672 322 350.605000
673 323 350.274000
674 322 349.943000
675 322 350.612000
676 322 351.280000
677 323 350.948000
678 323 350.616000
679 323 351.284000
680 323 352.952000
681 323 352.620000
682 323 352.288000
683 323 351.957000
684 322 351.626000
685 322 351.296000
686 321 350.965000
687 322 350.635000
688 321 351.305000
689 321 350.975000
690 321 352.645000
691 321 354.315000
692 321 353.986000
693 320 353.657000
694 320 353.329000
695 319 356.002000
696 318 357.675000
697 318 357.348000
698 318 357.021000
699 318 357.693000
700 319 357.365000
701 319 358.037000
702 319 357.709000
703 319 357.381000
704 319 357.053000
705 319 357.725000
706 319 359.398000
707 318 363.071000
708 318 362.744000
709 318 362.417000
710 318 364.091000
711 317 364.765000
712 317 365.439000
713 317 365.113000
714 317 366.788000
715 316 367.463000
716 316 368.138000
717 316 369.813000
718 316 369.487000
719 317 369.162000
720 316 368.837000
721 316 368.512000
722 316 368.186000
723 317 368.861000
724 316 370.536000
725 316 370.211000
726 316 369.886000
727 316 369.561000
728 316 369.236000
729 316 369.911000
730 316 369.586000
731 316 369.261000
732 316 370.935000
733 317 371.609000
734 317 371.283000
735 317 372.957000
736 317 374.631000
737 317 375.305000
738 317 374.980000
739 316 374.655000
740 316 376.330000
741 316 376.005000
742 316 375.680000
743 316 375.355000
744 316 375.030000
745 316 374.705000
746 316 374.380000
747 316 374.054000
748 317 374.727000
749 318 374.400000
750 318 374.073000
751 318 375.746000
752 318 375.419000
753 318 376.092000
754 318 375.765000
755 318 375.438000
756 318 375.111000
757 318 376.784000
758 318 376.456000
759 319 376.128000
760 319 375.800000
761 319 375.473000
762 318 378.146000
763 318 377.819000
764 318 378.492000
765 318 378.165000
766 318 377.838000
767 318 377.511000
768 318 378.185000
769 317 378.859000
770 317 379.533000
771 317 380.207000
772 317 379.881000
773 317 380.555000
774 317 381.229000
775 317 380.903000
776 317 380.577000
777 317 381.251000
778 317 381.925000
779 317 383.599000
780 317 383.273000
781 317 382.948000
782 316 382.623000
783 316 383.298000
784 316 382.973000
785 316 383.648000
786 316 384.323000
787 316 383.998000
788 316 385.673000
789 316 386.348000
790 316 386.022000
791 317 385.696000
792 317 385.370000
793 317 386.044000
794 317 386.718000
795 317 386.391000
796 318 386.064000
797 318 386.737000
798 318 386.411000
799 317 386.085000
800 317 387.759000
801 317 387.433000
802 317 387.107000
803 317 386.781000
804 317 387.455000
805 317 387.129000
806 317 387.804000
807 316 387.479000
808 316 387.154000
809 316 387.829000
810 316 387.503000
811 317 388.177000
812 317 389.851000
813 317 390.525000
814 317 392.199000
815 317 391.873000
816 317 392.547000
817 317 392.221000
818 317 392.896000
819 316 393.571000
820 316 393.247000
821 315 392.923000
822 315 392.599000
823 315 393.276000
824 314 392.953000
825 314 392.630000
826 314 392.307000
827 314 391.984000
828 314 393.661000
829 314 393.338000
830 314 393.015000
831 314 392.691000
832 315 393.367000
833 315 393.044000
834 314 392.721000
835 314 392.398000
836 314 392.075000
837 314 391.752000
838 314 391.429000
839 314 392.106000
840 314 391.783000
841 314 391.460000
842 314 391.137000
843 314 392.814000
844 314 393.491000
845 314 393.168000
846 314 392.844000
847 315 392.520000
848 315 392.196000
849 315 391.873000
850 314 391.550000
851 314 391.227000
852 314 390.904000
853 314 390.582000
854 313 390.259000
855 314 389.936000
856 314 389.612000
857 315 390.288000
858 315 389.964000
859 315 391.640000
860 315 393.316000
861 315 393.991000
862 316 393.665000
863 317 394.339000
864 317 394.013000
865 317 395.687000
866 317 396.360000
867 318 396.032000
868 319 395.704000
869 319 396.376000
870 319 397.049000
871 318 396.723000
872 317 396.397000
873 317 396.070000
874 318 396.743000
875 318 397.416000
876 318 397.089000
877 318 398.762000
878 318 398.434000
879 319 398.106000
880 319 398.778000
881 319 399.450000
882 319 400.123000
883 318 401.796000
884 318 402.470000
885 317 402.144000
886 317 401.818000
887 317 403.492000
888 317 403.166000
889 317 402.840000
890 317 402.514000
891 317 402.188000
892 317 401.862000
893 317 402.536000
894 317 402.210000
895 317 402.884000
896 317 402.558000
897 317 403.232000
898 317 402.906000
899 317 403.580000
900 317 404.255000
901 316 403.931000
902 315 403.608000
903 314 403.284000
904 315 404.960000
905 315 404.635000
906 316 405.310000
907 316 406.985000
908 316 406.660000
909 316 407.335000
910 316 407.010000
911 316 406.685000
912 316 406.360000
913 316 406.036000
914 315 406.712000
915 315 406.387000
916 316 406.062000
917 316 405.737000
918 316 405.411000
919 317 406.085000
920 317 406.759000
921 317 406.433000
922 317 406.107000
923 317 405.781000
924 317 406.455000
925 317 406.128000
926 318 405.801000
927 318 405.474000
928 318 406.146000
929 319 407.817000
930 320 407.488000
931 320 407.160000
932 319 409.832000
933 319 409.503000
934 320 409.174000
935 320 408.845000
936 320 408.516000
937 320 408.187000
938 320 408.859000
939 319 411.531000
940 319 411.203000
941 319 411.875000
942 319 412.547000
943 319 412.219000
944 319 411.891000
945 319 415.564000
946 318 415.237000
947 318 416.909000
948 319 416.581000
949 319 416.253000
950 319 415.925000
951 319 415.597000
952 319 415.269000
953 319 415.941000
954 319 415.613000
955 319 415.285000
956 319 416.958000
957 318 417.631000
958 318 417.304000
959 318 416.978000
960 317 416.653000
961 316 417.328000
962 316 417.003000
963 316 417.678000
964 316 419.353000
965 316 419.028000
966 316 419.703000
967 316 419.378000
968 316 419.053000
969 316 418.728000
970 316 418.403000
971 316 418.078000
972 316 418.753000
973 316 418.428000
974 316 418.103000
975 316 418.778000
976 316 418.452000
977 317 421.126000
978 317 420.800000
979 317 420.474000
980 317 420.148000
981 317 419.823000
982 316 421.498000
983 316 422.173000
984 316 421.848000
985 316 421.523000
986 316 421.198000
987 316 420.873000
988 316 420.548000
989 316 420.222000
990 317 420.896000
991 317 420.570000
992 317 420.244000
993 317 420.918000
994 317 421.592000
995 317 421.266000
996 317 421.940000
997 317 421.614000
998 317 422.289000
999 316 421.964000
1000 316 421.640000
1001 315 421.316000
1002 315 421.992000
1003 315 421.668000
1004 315 422.344000
1005 315 422.021000
1006 314 421.698000
1007 314 422.376000
1008 313 423.054000
1009 313 423.732000
1010 313 423.410000
1011 313 423.088000
1012 313 422.766000
1013 313 422.443000
1014 314 422.120000
1015 314 423.798000
1016 313 423.476000
1017 313 424.153000
1018 314 423.830000
1019 314 423.507000
1020 314 423.183000
1021 315 422.859000
1022 315 423.535000
1023 315 423.211000
1024 315 423.887000
1025 315 423.563000
1026 315 424.239000
1027 315 423.915000
1028 315 423.591000
1029 315 424.267000
1030 315 424.943000
1031 315 424.619000
1032 315 425.295000
1033 315 425.971000
1034 315 427.647000
1035 315 427.324000
1036 314 427.000000
1037 315 426.676000
1038 315 426.352000
1039 315 426.029000
1040 314 425.707000
1041 313 426.386000
1042 312 426.065000
1043 312 427.745000
1044 311 427.425000
1045 311 428.104000
1046 312 428.783000
1047 312 428.462000
1048 312 430.140000
1049 313 430.818000
1050 313 432.495000
1051 314 432.172000
1052 314 431.848000
1053 315 431.524000
1054 315 431.201000
1055 314 430.878000
1056 314 430.555000
1057 314 430.232000
1058 314 431.910000
1059 313 431.587000
1060 314 432.263000
1061 315 431.939000
1062 315 431.615000
1063 315 431.291000
1064 315 431.967000
1065 315 431.643000
1066 315 432.320000
1067 314 431.997000
1068 314 431.674000
1069 314 431.351000
1070 314 433.028000
1071 314 432.704000
1072 315 432.380000
1073 315 433.056000
1074 315 432.733000
1075 314 433.409000
1076 315 434.085000
1077 315 433.762000
1078 314 435.439000
1079 314 435.115000
1080 315 434.791000
1081 315 434.467000
1082 315 434.143000
1083 315 434.819000
1084 315 434.495000
1085 315 435.171000
1086 315 436.847000
1087 315 437.523000
1088 315 437.198000
1089 316 437.873000
1090 316 437.548000
1091 316 437.223000
1092 316 436.898000
1093 316 438.573000
1094 316 439.248000
1095 316 439.923000
1096 316 439.598000
1097 316 439.274000
1098 315 439.950000
1099 315 439.626000
1100 315 440.302000
1101 315 441.978000
1102 315 442.654000
1103 315 443.329000
1104 316 444.005000
1105 315 444.681000
1106 315 444.357000
1107 315 446.033000
1108 315 445.709000
1109 315 447.385000
1110 315 447.062000
1111 314 446.740000
1112 313 446.419000
1113 312 446.098000
1114 312 447.777000
1115 312 448.456000
1116 312 448.135000
1117 312 447.814000
1118 312 448.493000
1119 312 451.172000
1120 312 451.851000
1121 312 452.530000
1122 312 452.209000
1123 312 452.888000
1124 312 453.567000
1125 312 453.246000
1126 312 452.924000
1127 313 452.603000
1128 312 453.282000
1129 312 452.961000
1130 312 452.640000
1131 312 452.319000
1132 312 452.998000
1133 312 454.676000
1134 313 455.354000
1135 313 455.032000
1136 313 454.710000
1137 313 456.388000
1138 313 456.066000
1139 313 457.745000
1140 312 457.424000
1141 312 459.103000
1142 312 458.783000
1143 311 458.463000
1144 311 458.143000
1145 311 458.824000
1146 310 459.504000
1147 311 460.184000
1148 311 461.864000
1149 311 461.544000
1150 311 462.224000
1151 311 461.904000
1152 311 461.584000
1153 311 462.264000
1154 311 461.944000
1155 311 461.624000
1156 311 462.305000
1157 310 462.986000
1158 310 462.667000
1159 310 462.348000
1160 310 462.029000
1161 310 462.711000
1162 309 464.393000
1163 309 464.074000
1164 310 464.756000
1165 309 464.438000
1166 309 464.121000
1167 308 463.805000
1168 307 463.489000
1169 307 463.173000
1170 307 463.857000
1171 307 464.541000
1172 307 464.225000
1173 307 463.909000
1174 307 464.593000
1175 307 465.277000
1176 307 465.962000
1177 306 465.647000
1178 306 465.332000
1179 306 466.017000
1180 306 466.703000
1181 305 467.389000
1182 305 467.075000
1183 305 466.760000
1184 306 466.445000
1185 306 466.129000
1186 307 465.814000
1187 306 465.499000
1188 306 465.183000
1189 307 464.867000
1190 307 464.551000
1191 307 464.236000
1192 306 463.921000
1193 306 463.606000
1194 306 463.291000
1195 306 463.976000
1196 306 464.661000
1197 306 464.346000
1198 306 464.030000
1199 307 463.714000
1200 307 463.398000
1201 307 464.083000
1202 306 463.768000
1203 306 464.453000
1204 306 466.138000
1205 306 465.823000
1206 306 466.508000
1207 306 466.193000
1208 306 467.878000
1209 306 467.564000
1210 305 468.250000
1211 305 467.937000
1212 304 468.624000
1213 304 468.311000
1214 304 467.997000
1215 305 467.683000
1216 305 467.369000
1217 305 468.055000
1218 305 467.740000
1219 306 469.425000
1220 306 469.110000
1221 306 468.795000
1222 306 469.480000
1223 306 469.166000
1224 305 468.852000
1225 305 468.538000
1226 305 468.224000
1227 305 468.910000
1228 305 468.596000
1229 305 468.282000
1230 305 467.968000
1231 305 467.654000
1232 305 467.341000
1233 304 468.028000
1234 304 467.715000
1235 304 467.401000
1236 305 467.086000
1237 306 466.771000
1238 306 466.457000
1239 305 466.143000
1240 305 465.829000
1241 305 466.516000
1242 304 467.203000
1243 304 467.890000
1244 304 467.577000
1245 304 469.264000
1246 304 468.951000
1247 304 469.637000
1248 305 469.323000
1249 305 469.008000
1250 306 469.693000
1251 306 471.378000
1252 306 471.063000
1253 306 470.748000
1254 306 470.434000
1255 305 470.121000
1256 304 469.809000
1257 303 470.497000
1258 303 471.185000
1259 303 470.873000
1260 303 473.561000
1261 303 473.249000
1262 303 472.938000
1263 302 472.628000
1264 301 472.318000
1265 301 472.007000
1266 302 471.695000
1267 303 471.382000
1268 304 471.069000
1269 304 470.756000
1270 304 470.443000
1271 304 471.130000
1272 304 471.817000
1273 304 472.504000
1274 304 472.192000
1275 303 471.880000
1276 303 471.568000
1277 303 471.256000
1278 303 470.943000
1279 304 470.630000
1280 304 470.318000
1281 303 471.006000
1282 303 471.694000
1283 303 471.383000
1284 302 471.072000
1285 302 470.761000
1286 302 471.450000
1287 302 471.139000
1288 302 470.828000
1289 302 471.517000
1290 302 471.206000
1291 302 471.895000
1292 302 471.584000
1293 302 471.274000
1294 301 470.964000
1295 301 470.654000
1296 301 470.343000
1297 302 470.032000
1298 302 469.721000
1299 302 472.409000
1300 303 472.097000
1301 303 471.786000
1302 302 471.475000
1303 302 471.163000
1304 303 470.851000
1305 303 470.540000
1306 302 471.229000
1307 302 470.918000
1308 302 471.607000
1309 302 471.296000
1310 302 470.985000
1311 302 470.675000
1312 301 471.365000
1313 301 472.055000
1314 301 472.745000
1315 301 472.435000
1316 301 473.125000
1317 301 472.815000
1318 301 472.505000
1319 301 472.195000
1320 301 472.885000
1321 301 472.574000
1322 302 472.263000
1323 302 472.953000
1324 301 472.642000
1325 302 472.330000
1326 303 472.018000
1327 303 473.706000
1328 303 473.395000
1329 302 473.084000
1330 302 472.773000
1331 302 472.462000
1332 302 472.152000
1333 301 472.842000
1334 301 472.532000
1335 301 472.222000
1336 301 471.912000
1337 301 471.602000
1338 301 471.292000
1339 301 470.982000
1340 301 471.672000
1341 301 471.362000
1342 301 471.052000
1343 301 470.742000
1344 301 470.432000
1345 301 470.123000
1346 300 469.813000
1347 301 470.503000
1348 301 470.194000
1349 300 470.885000
1350 300 470.577000
1351 299 473.269000
1352 299 473.961000
1353 299 473.653000
1354 299 474.345000
1355 299 475.038000
1356 298 474.731000
1357 298 474.424000
1358 298 475.118000
1359 297 474.811000
1360 298 474.504000
1361 298 474.197000
1362 298 474.890000
1363 298 476.582000
1364 299 476.274000
1365 299 475.965000
1366 300 475.656000
1367 300 475.347000
1368 300 475.038000
1369 300 474.729000
1370 300 476.419000
1371 301 476.109000
1372 301 475.799000
1373 301 476.489000
1374 301 476.179000
1375 301 475.869000
1376 301 475.559000
1377 301 475.249000
1378 301 474.940000
1379 300 474.631000
1380 300 474.321000
1381 301 475.011000
1382 301 474.701000
1383 301 474.391000
1384 301 474.081000
1385 301 474.771000
1386 301 474.461000
1387 301 475.151000
1388 301 476.842000
1389 300 476.533000
1390 300 476.224000
1391 300 475.915000
1392 300 477.606000
1393 300 477.297000
1394 300 476.988000
1395 300 476.679000
1396 300 476.369000
1397 301 476.059000
1398 301 475.749000
1399 301 475.440000
1400 300 475.130000
1401 301 474.820000
1402 301 475.510000
1403 301 475.199000
1404 302 476.888000
1405 302 476.576000
1406 303 476.263000
1407 304 475.950000
1408 304 476.636000
1409 305 476.323000
1410 304 476.010000
1411 304 475.697000
1412 304 475.384000
1413 304 475.071000
1414 304 475.758000
1415 304 475.445000
1416 304 475.132000
1417 304 474.819000
1418 304 474.506000
1419 304 474.192000
1420 305 473.878000
1421 305 473.564000
1422 305 473.249000
1423 306 472.933000
1424 307 472.617000
1425 307 474.302000
1426 306 473.987000
1427 306 473.672000
1428 306 473.357000
1429 306 473.042000
1430 306 472.727000
1431 306 472.412000
1432 306 472.097000
1433 306 472.782000
1434 306 472.467000
1435 306 472.152000
1436 306 471.837000
1437 306 472.522000
1438 306 472.207000
1439 306 471.891000
1440 307 472.575000
1441 307 473.259000
1442 307 472.942000
1443 308 472.625000
1444 308 474.308000
1445 308 474.991000
1446 308 475.674000
1447 308 475.357000
1448 308 475.040000
1449 308 474.723000
1450 308 474.406000
1451 308 474.089000
1452 308 473.772000
1453 308 473.455000
1454 308 473.138000
1455 308 472.821000
1456 308 472.505000
1457 307 472.189000
1458 307 471.873000
1459 307 471.557000
1460 307 471.241000
1461 307 470.925000
1462 307 470.608000
1463 308 470.291000
1464 308 470.974000
1465 308 470.657000
1466 308 471.340000
1467 308 471.023000
1468 308 470.706000
1469 308 473.388000
1470 309 473.070000
1471 309 472.753000
1472 308 472.436000
1473 308 472.120000
1474 307 472.804000
1475 307 472.487000
1476 308 472.169000
1477 309 471.851000
1478 309 471.533000
1479 309 471.215000
1480 309 470.897000
1481 309 470.579000
1482 309 471.261000
1483 309 471.944000
1484 308 471.628000
1485 307 471.312000
1486 307 471.996000
1487 307 471.681000
1488 306 472.366000
1489 306 472.051000
1490 306 471.736000
1491 306 471.421000
1492 306 471.105000
1493 307 470.789000
1494 307 471.473000
1495 307 471.157000
1496 307 470.841000
1497 307 470.526000
1498 306 471.212000
1499 305 470.898000
1500 305 470.584000
1501 305 470.271000
1502 304 469.959000
1503 303 469.647000
1504 303 469.334000
1505 304 470.021000
1506 304 470.708000
1507 304 470.394000
1508 305 470.080000
1509 305 469.766000
1510 305 470.451000
1511 306 471.136000
1512 306 470.821000
1513 306 470.506000
1514 306 471.191000
1515 306 470.876000
1516 306 471.561000
1517 306 472.246000
1518 306 472.931000
1519 306 474.616000
1520 306 474.302000
1521 305 473.987000
1522 306 473.673000
1523 305 474.360000
1524 304 474.047000
1525 304 473.735000
1526 303 473.422000
1527 304 473.110000
1528 303 472.798000
1529 303 473.485000
1530 304 473.172000
1531 304 472.858000
1532 305 473.543000
1533 306 473.228000
1534 306 474.913000
1535 306 474.598000
1536 306 474.282000
1537 307 473.966000
1538 307 473.650000
1539 307 473.334000
1540 307 473.018000
1541 307 473.701000
1542 308 473.384000
1543 308 473.067000
1544 308 472.750000
1545 308 472.432000
1546 309 472.114000
1547 309 472.797000
1548 308 472.480000
1549 308 472.163000
1550 308 471.846000
1551 308 471.528000
1552 309 471.211000
1553 308 470.894000
1554 308 470.577000
1555 308 470.260000
1556 308 469.942000
1557 309 469.623000
1558 310 469.304000
1559 310 468.986000
1560 309 468.668000
1561 309 469.350000
1562 309 469.032000
1563 309 469.714000
1564 309 469.396000
1565 309 469.078000
1566 309 468.759000
1567 310 468.440000
1568 310 468.121000
1569 310 467.802000
1570 310 467.483000
1571 310 467.164000
1572 310 466.845000
1573 310 466.526000
1574 310 466.206000
1575 311 465.886000
1576 311 465.565000
1577 312 465.244000
1578 312 466.923000
1579 312 466.602000
1580 312 466.281000
1581 312 465.961000
1582 311 465.641000
1583 311 465.322000
1584 310 465.003000
1585 310 464.685000
1586 309 464.367000
1587 309 464.049000
1588 309 463.731000
1589 309 463.412000
1590 310 463.093000
1591 310 462.774000
1592 310 462.455000
1593 310 462.136000
1594 310 461.818000
1595 309 462.500000
1596 309 462.182000
1597 309 461.863000
1598 310 461.544000
1599 310 461.225000
1600 310 460.906000
1601 310 460.587000
1602 310 460.268000
1603 310 459.948000
1604 311 461.629000
1605 310 462.310000
1606 310 461.991000
1607 310 461.672000
1608 310 461.353000
1609 310 461.034000
1610 310 460.715000
1611 310 460.397000
1612 309 461.079000
1613 309 460.761000
1614 309 460.443000
1615 309 460.125000
1616 309 459.808000
1617 308 459.491000
1618 308 459.174000
1619 308 459.856000
1620 309 460.537000
1621 310 460.217000
1622 311 459.897000
1623 311 460.577000
1624 311 460.257000
1625 311 459.938000
1626 310 459.619000
1627 310 460.299000
1628 311 459.978000
1629 312 459.658000
1630 311 459.338000
1631 311 459.018000
1632 311 458.698000
1633 311 458.378000
1634 311 458.059000
1635 310 457.740000
1636 310 457.421000
1637 310 457.103000
1638 309 457.785000
1639 309 458.466000
1640 310 458.147000
1641 310 458.828000
1642 310 458.509000
1643 310 458.190000
1644 310 458.871000
1645 310 458.551000
1646 311 459.231000
1647 311 458.911000
1648 311 458.590000
1649 312 458.269000
1650 312 457.948000
1651 312 457.627000
1652 312 457.306000
1653 312 458.985000
1654 312 458.664000
1655 312 458.344000
1656 311 458.024000
1657 311 457.704000
1658 311 457.383000
1659 312 457.062000
1660 312 456.741000
1661 312 456.420000
1662 312 456.100000
1663 311 455.780000
1664 311 455.460000
1665 311 455.140000
1666 311 454.819000
1667 312 454.498000
1668 312 455.177000
1669 312 456.856000
1670 312 457.534000
1671 313 457.213000
1672 312 456.892000
1673 312 456.571000
1674 312 456.250000
1675 312 456.929000
1676 312 456.608000
1677 312 456.288000
1678 311 455.968000
1679 311 455.648000
1680 311 455.328000
1681 311 455.008000
1682 311 454.688000
1683 311 454.368000
1684 311 454.049000
1685 310 453.730000
1686 310 453.411000
1687 310 453.092000
1688 310 452.772000
1689 311 452.452000
1690 311 452.132000
1691 311 451.812000
1692 311 451.493000
1693 310 451.173000
1694 311 452.854000
1695 310 452.536000
1696 309 452.219000
1697 308 451.901000
1698 309 452.583000
1699 309 452.265000
1700 309 451.947000
1701 309 452.629000
1702 309 452.311000
1703 309 452.994000
1704 308 453.677000
1705 308 454.360000
1706 308 455.043000
1707 308 455.726000
1708 308 456.410000
1709 307 456.095000
1710 306 455.779000
1711 307 455.463000
1712 307 455.148000
1713 306 454.832000
1714 307 454.517000
1715 306 454.201000
1716 307 453.885000
1717 307 454.569000
1718 307 455.253000
1719 307 455.938000
1720 306 455.622000
1721 307 456.306000
1722 307 455.991000
1723 306 455.675000
1724 307 455.360000
1725 306 455.045000
1726 306 454.730000
1727 306 454.415000
1728 306 455.100000
1729 306 454.785000
1730 306 454.470000
1731 306 455.155000
1732 306 455.840000
1733 306 456.525000
1734 306 456.210000
1735 306 456.895000
1736 306 456.580000
1737 306 456.264000
1738 307 456.948000
1739 307 456.632000
1740 307 457.316000
1741 307 457.000000
1742 307 456.684000
1743 307 456.367000
1744 308 456.051000
1745 307 455.735000
1746 307 455.419000
1747 307 455.103000
1748 307 454.787000
1749 307 454.471000
1750 307 454.155000
1751 307 453.840000
1752 306 453.525000
1753 306 453.209000
1754 307 453.893000
1755 307 453.578000
1756 306 453.263000
1757 306 453.948000
1758 306 453.633000
1759 306 453.318000
1760 306 453.003000
1761 306 452.689000
1762 305 452.375000
1763 305 452.061000
1764 305 452.746000
1765 306 452.431000
1766 306 452.116000
1767 306 451.801000
1768 306 451.486000
1769 306 451.170000
1770 307 450.854000
1771 307 450.538000
1772 307 450.223000
1773 306 450.908000
1774 306 451.592000
1775 307 451.277000
1776 306 450.962000
1777 306 451.647000
1778 306 452.332000
1779 306 452.017000
1780 306 451.702000
1781 306 452.387000
1782 306 452.073000
1783 305 452.759000
1784 305 452.446000
1785 304 452.133000
1786 304 452.820000
1787 304 452.507000
1788 304 453.194000
1789 304 452.881000
1790 304 452.567000
1791 305 452.253000
1792 305 451.939000
1793 305 452.625000
1794 305 453.311000
1795 305 452.997000
1796 305 452.682000
1797 306 453.367000
1798 306 454.053000
1799 305 453.739000
1800 305 453.425000
1801 305 453.111000
1802 305 452.798000
1803 304 453.485000
1804 304 454.172000
1805 304 453.859000
1806 304 454.546000
1807 304 454.233000
1808 304 453.921000
1809 303 453.609000
1810 303 453.297000
1811 303 452.986000
1812 302 453.675000
1813 302 454.364000
1814 302 454.053000
1815 302 453.742000
1816 302 453.431000
1817 302 453.120000
1818 302 452.810000
1819 301 452.501000
1820 300 452.192000
1821 300 451.882000
1822 301 451.573000
1823 300 453.264000
1824 300 452.955000
1825 300 452.646000
1826 300 452.337000
1827 300 452.028000
1828 300 451.719000
1829 300 452.410000
1830 300 452.101000
1831 300 451.793000
1832 299 451.485000
1833 299 451.178000
1834 298 450.871000
1835 298 450.565000
1836 297 450.258000
1837 298 449.951000
1838 298 449.644000
1839 298 449.337000
1840 298 449.030000
1841 298 448.723000
1842 298 448.415000
1843 299 449.107000
1844 299 448.799000
1845 299 448.491000
1846 299 448.183000
1847 299 447.875000
1848 299 447.566000
1849 300 447.256000
1850 301 446.947000
1851 300 446.638000
1852 300 447.328000
1853 301 447.018000
1854 301 446.709000
1855 300 447.400000
1856 300 449.091000
1857 300 448.782000
1858 300 448.473000
1859 300 448.164000
1860 300 447.855000
1861 300 448.546000
1862 300 448.236000
1863 301 447.925000
1864 302 447.614000
1865 302 447.303000
1866 302 446.991000
1867 303 446.678000
1868 304 446.365000
1869 304 446.052000
1870 304 445.739000
1871 304 445.426000
1872 304 445.114000
1873 303 444.802000
1874 303 444.490000
1875 303 444.178000
1876 303 443.866000
1877 303 444.554000
1878 303 444.242000
1879 303 443.930000
1880 303 443.618000
1881 303 443.306000
1882 303 442.994000
1883 303 442.683000
1884 302 442.372000
1885 302 442.060000
1886 303 442.748000
1887 303 443.435000
1888 304 444.121000
1889 305 443.807000
1890 305 443.492000
1891 306 443.177000
1892 306 443.861000
1893 307 443.545000
1894 307 443.229000
1895 307 442.913000
1896 307 443.597000
1897 307 443.281000
1898 307 442.965000
1899 307 442.649000
1900 307 442.333000
1901 307 442.017000
1902 307 441.701000
1903 307 441.385000
1904 307 441.069000
1905 307 440.753000
1906 307 440.437000
1907 307 440.122000
1908 306 439.807000
1909 306 439.492000
1910 306 439.177000
1911 306 438.862000
1912 306 438.547000
1913 306 438.232000
1914 306 437.917000
1915 306 437.602000
1916 306 437.287000
1917 306 436.971000
1918 307 436.655000
1919 307 436.340000
1920 306 436.025000
1921 306 436.710000
1922 306 436.395000
1923 306 437.080000
1924 306 436.764000
1925 307 436.448000
1926 307 436.132000
1927 307 438.816000
1928 307 438.500000
1929 307 438.184000
1930 307 437.868000
1931 307 437.552000
1932 307 437.236000
1933 307 436.920000
1934 307 436.604000
1935 307 437.288000
1936 307 436.972000
1937 307 436.656000
1938 307 436.340000
1939 307 436.024000
1940 307 435.708000
1941 307 435.392000
1942 307 435.076000
1943 307 435.760000
1944 307 435.444000
1945 307 435.128000
1946 307 434.812000
1947 307 434.496000
1948 307 434.179000
1949 308 433.862000
1950 308 434.544000
1951 309 435.226000
1952 309 434.908000
1953 309 434.589000
1954 310 434.271000
1955 309 433.953000
1956 309 433.635000
1957 309 434.317000
1958 309 433.999000
1959 309 433.681000
1960 309 433.364000
1961 308 433.047000
1962 308 432.730000
1963 308 432.413000
1964 308 432.096000
1965 308 431.780000
1966 307 431.464000
1967 307 431.148000
1968 307 430.833000
1969 306 430.517000
1970 307 430.201000
1971 307 429.885000
1972 307 429.569000
1973 307 429.253000
1974 307 428.937000
1975 307 428.621000
1976 307 429.305000
1977 307 428.989000
1978 307 428.673000
1979 307 428.357000
1980 307 429.041000
1981 307 428.724000
1982 308 428.407000
1983 308 428.090000
1984 308 427.774000
1985 307 427.458000
1986 307 427.142000
1987 307 426.826000
1988 307 427.510000
1989 307 427.194000
1990 307 426.877000
1991 308 426.560000
1992 308 426.243000
1993 308 426.926000
1994 308 426.608000
1995 309 427.290000
1996 309 426.972000
1997 309 426.654000
1998 309 426.336000
1999 309 427.017000
2000 310 426.699000
2001 309 426.381000
2002 309 426.062000
2003 310 425.743000
2004 310 425.424000
2005 310 425.105000
2006 310 424.786000
2007 310 425.467000
2008 310 425.149000
2009 309 424.831000
2010 309 424.513000
2011 309 424.195000
2012 309 425.877000
2013 309 425.559000
2014 309 425.242000
2015 308 424.925000
2016 308 424.608000
2017 308 424.292000
2018 307 423.976000
2019 307 423.660000
2020 307 425.343000
2021 308 425.027000
2022 307 424.711000
2023 307 425.396000
2024 306 425.081000
2025 306 424.766000
2026 306 424.451000
2027 306 424.135000
2028 307 423.819000
2029 307 423.503000
2030 307 423.187000
2031 307 422.872000
2032 306 422.557000
2033 306 422.243000
2034 305 421.929000
2035 305 421.615000
2036 305 421.301000
2037 305 420.987000
2038 305 420.673000
2039 305 420.360000
2040 304 420.046000
2041 305 419.731000
2042 306 420.415000
2043 307 420.099000
2044 307 420.783000
2045 307 420.468000
2046 306 420.153000
2047 306 420.838000
2048 306 420.523000
2049 306 420.207000
2050 307 419.891000
2051 307 419.575000
2052 307 419.259000
2053 307 418.943000
2054 307 418.627000
2055 307 418.311000
2056 307 417.996000
2057 306 417.680000
2058 307 417.364000
2059 307 417.047000
2060 308 416.730000
2061 308 417.412000
2062 309 418.094000
2063 309 417.776000
2064 309 417.458000
2065 309 417.140000
2066 309 417.822000
2067 309 417.504000
2068 309 417.185000
2069 310 417.866000
2070 310 418.547000
2071 310 418.228000
2072 310 417.909000
2073 310 417.589000
2074 311 418.268000
2075 312 417.947000
2076 312 418.626000
2077 312 418.304000
2078 313 417.982000
2079 313 418.659000
2080 314 418.336000
2081 314 418.013000
2082 314 418.690000
2083 314 418.367000
2084 314 418.043000
2085 315 418.719000
2086 315 418.395000
2087 315 418.070000
2088 316 417.745000
2089 316 417.420000
2090 316 417.095000
2091 316 416.770000
2092 316 418.445000
2093 316 418.120000
2094 316 417.795000
2095 316 417.470000
2096 316 417.145000
2097 316 416.820000
2098 316 418.495000
2099 316 418.170000
2100 316 417.845000
2101 316 417.520000
2102 316 417.195000
2103 316 416.870000
2104 316 416.545000
2105 316 416.220000
2106 316 415.896000
2107 315 415.572000
2108 315 416.248000
2109 315 415.923000
2110 316 415.598000
2111 316 415.273000
2112 316 415.948000
2113 316 416.623000
2114 316 416.298000
2115 316 415.973000
2116 316 415.647000
2117 317 415.321000
2118 317 415.995000
2119 317 415.670000
2120 316 415.345000
2121 316 416.020000
2122 316 415.696000
2123 315 415.372000
2124 315 415.048000
2125 315 415.724000
2126 315 416.399000
2127 316 416.075000
2128 315 415.751000
2129 315 415.428000
2130 314 415.106000
2131 313 414.785000
2132 312 415.464000
2133 312 415.143000
2134 312 414.822000
2135 312 415.501000
2136 312 415.180000
2137 312 414.858000
2138 313 415.536000
2139 313 415.214000
2140 313 414.891000
2141 314 415.568000
2142 314 415.245000
2143 314 414.922000
2144 314 414.599000
2145 314 414.277000
2146 313 413.955000
2147 313 413.632000
2148 314 413.309000
2149 314 412.985000
2150 315 413.661000
2151 315 413.337000
2152 315 414.013000
2153 315 414.689000
2154 315 414.365000
2155 315 414.041000
2156 315 413.717000
2157 315 413.393000
2158 315 413.070000
2159 314 412.747000
2160 314 412.424000
2161 314 412.102000
2162 313 411.780000
2163 313 412.457000
2164 314 412.134000
2165 314 411.811000
2166 314 411.488000
2167 314 411.164000
2168 315 410.840000
2169 315 410.517000
2170 314 410.194000
2171 314 411.871000
2172 314 411.548000
2173 314 411.224000
2174 315 410.900000
2175 315 411.577000
2176 314 411.253000
2177 315 411.929000
2178 315 411.605000
2179 315 411.280000
2180 316 410.955000
2181 316 410.630000
2182 316 411.305000
2183 316 410.979000
2184 317 410.652000
2185 318 411.325000
2186 318 411.998000
2187 318 411.671000
2188 318 411.344000
2189 318 411.017000
2190 318 410.690000
2191 318 412.363000
2192 318 413.036000
2193 318 412.709000
2194 318 413.382000
2195 318 413.055000
2196 318 413.727000
2197 319 413.399000
2198 319 413.070000
2199 320 412.741000
2200 320 412.411000
2201 321 412.081000
2202 321 411.751000
2203 321 411.420000
2204 322 411.089000
2205 322 410.759000
2206 321 410.429000
2207 321 410.099000
2208 321 409.769000
2209 321 409.439000
2210 321 409.109000
2211 321 408.779000
2212 321 408.449000
2213 321 408.119000
2214 321 407.789000
2215 321 407.458000
2216 322 407.127000
2217 322 406.796000
2218 322 406.465000
2219 322 406.133000
2220 323 405.801000
2221 323 406.469000
2222 323 406.137000
2223 323 405.805000
2224 323 405.473000
2225 323 405.141000
2226 323 404.810000
2227 322 404.479000
2228 322 405.148000
2229 322 404.817000
2230 322 404.486000
2231 322 404.155000
2232 322 403.824000
2233 322 403.493000
2234 322 403.162000
2235 322 402.831000
2236 322 402.500000
2237 322 402.168000
2238 323 401.836000
2239 323 402.505000
2240 322 402.174000
2241 322 401.843000
2242 322 401.513000
2243 321 401.183000
2244 321 400.854000
2245 320 400.525000
2246 320 401.196000
2247 320 401.867000
2248 320 401.537000
2249 321 401.207000
2250 321 400.877000
2251 321 400.547000
2252 321 400.217000
2253 321 400.887000
2254 321 400.557000
2255 321 400.227000
2256 321 399.897000
2257 321 399.567000
2258 321 399.237000
2259 321 398.907000
2260 321 398.577000
2261 321 398.247000
2262 321 398.918000
2263 320 398.589000
2264 320 398.261000
2265 319 397.934000
2266 318 397.607000
2267 318 397.280000
2268 318 396.954000
2269 317 396.628000
2270 317 396.302000
2271 317 395.976000
2272 317 395.649000
2273 318 395.323000
2274 317 394.997000
2275 317 395.671000
2276 317 395.345000
2277 317 396.018000
2278 318 395.692000
2279 317 395.366000
2280 317 396.040000
2281 317 396.714000
2282 317 396.389000
2283 316 397.064000
2284 316 396.738000
2285 317 396.412000
2286 317 396.086000
2287 317 395.760000
2288 317 396.434000
2289 317 396.108000
2290 317 395.782000
2291 317 395.456000
2292 317 396.130000
2293 317 395.804000
2294 317 395.478000
2295 317 395.152000
2296 317 395.826000
2297 317 395.500000
2298 317 396.174000
2299 317 395.848000
2300 317 395.522000
2301 317 395.196000
2302 317 394.870000
2303 317 395.545000
2304 316 396.220000
2305 316 395.895000
2306 316 396.571000
2307 315 396.247000
2308 315 396.923000
2309 315 396.600000
2310 314 396.277000
2311 314 395.953000
2312 315 395.630000
2313 314 395.307000
2314 314 394.984000
2315 314 394.661000
2316 314 395.338000
2317 314 396.016000
2318 313 396.694000
2319 313 397.371000
2320 314 397.048000
2321 314 396.725000
2322 314 396.402000
2323 314 396.079000
2324 314 395.755000
2325 315 395.430000
2326 316 395.105000
2327 316 394.780000
2328 316 395.455000
2329 316 395.130000
2330 316 394.804000
2331 317 394.478000
2332 317 394.152000
2333 317 393.825000
2334 318 394.498000
2335 318 394.171000
2336 318 393.843000
2337 319 393.515000
2338 319 393.187000
2339 319 392.860000
2340 318 392.533000
2341 318 392.205000
2342 319 391.877000
2343 319 391.549000
2344 319 391.221000
2345 319 391.893000
2346 319 391.565000
2347 319 391.237000
2348 319 391.909000
2349 319 391.580000
2350 320 391.251000
2351 320 390.922000
2352 320 390.593000
2353 320 390.264000
2354 320 390.935000
2355 320 390.606000
2356 320 390.278000
2357 319 389.950000
2358 319 389.623000
2359 318 391.296000
2360 318 390.969000
2361 318 390.642000
2362 318 390.316000
2363 317 389.990000
2364 317 389.664000
2365 317 389.337000
2366 318 389.010000
2367 318 389.684000
2368 317 389.359000
2369 316 389.034000
2370 316 388.709000
2371 316 388.384000
2372 316 388.059000
2373 316 387.733000
2374 317 387.408000
2375 316 387.083000
2376 316 386.758000
2377 316 386.433000
2378 316 386.108000
2379 316 386.782000
2380 317 386.456000
2381 317 387.130000
2382 317 386.803000
2383 318 386.476000
2384 318 386.149000
2385 318 385.822000
2386 318 385.494000
2387 319 385.166000
2388 319 386.837000
2389 320 386.509000
2390 319 386.181000
2391 319 385.853000
2392 319 386.525000
2393 319 386.197000
2394 319 385.869000
2395 319 385.541000
2396 319 385.212000
2397 320 384.884000
2398 319 385.555000
2399 320 385.226000
2400 320 385.897000
2401 320 385.567000
2402 321 385.237000
2403 321 384.908000
2404 320 384.578000
2405 321 385.248000
2406 321 384.918000
2407 321 385.588000
2408 321 385.258000
2409 321 384.928000
2410 321 384.598000
2411 321 385.268000
2412 321 384.938000
2413 321 384.608000
2414 321 384.278000
2415 321 384.948000
2416 321 384.618000
2417 321 384.288000
2418 321 383.959000
2419 320 383.630000
2420 320 383.301000
2421 320 382.971000
2422 321 382.641000
2423 321 382.311000
2424 321 382.981000
2425 321 382.650000
2426 322 383.320000
2427 321 382.991000
2428 320 382.662000
2429 320 383.334000
2430 319 383.006000
2431 319 382.678000
2432 319 382.350000
2433 319 382.022000
2434 319 384.694000
2435 319 384.366000
2436 319 384.039000
2437 318 383.712000
2438 318 383.385000
2439 318 383.058000
2440 318 382.732000
2441 317 382.406000
2442 317 382.081000
2443 316 381.756000
2444 316 382.432000
2445 315 382.108000
2446 315 381.784000
2447 315 381.461000
2448 314 381.138000
2449 314 381.815000
2450 314 382.492000
2451 314 383.169000
2452 314 382.846000
2453 314 382.523000
2454 314 383.199000
2455 315 382.875000
2456 315 382.551000
2457 315 382.228000
2458 314 381.905000
2459 314 381.582000
2460 314 381.259000
2461 314 380.937000
2462 313 380.615000
2463 313 380.293000
2464 313 379.972000
2465 312 380.652000
2466 311 380.332000
2467 311 381.012000
2468 311 381.692000
2469 311 381.372000
2470 311 381.052000
2471 311 380.731000
2472 312 380.410000
2473 312 380.089000
2474 312 379.768000
2475 312 379.448000
2476 311 379.128000
2477 311 378.808000
2478 311 378.489000
2479 310 379.170000
2480 310 379.851000
2481 310 379.532000
2482 310 379.213000
2483 310 378.894000
2484 310 378.574000
2485 311 378.253000
2486 312 377.932000
2487 312 377.611000
2488 312 377.290000
2489 312 376.969000
2490 312 377.648000
2491 312 377.327000
2492 312 377.006000
2493 312 376.685000
2494 312 376.363000
2495 313 376.040000
2496 314 375.716000
2497 315 375.392000
2498 315 375.068000
2499 315 374.744000
2500 315 374.420000
2501 315 374.096000
2502 315 373.772000
2503 315 373.448000
2504 315 373.124000
2505 315 373.800000
2506 315 373.476000
2507 315 373.152000
2508 315 372.828000
2509 315 372.504000
2510 315 372.179000
2511 316 371.854000
2512 316 371.529000
2513 316 371.205000
2514 315 370.881000
2515 315 370.557000
2516 315 370.233000
2517 315 369.909000
2518 315 369.585000
2519 315 369.261000
2520 315 368.937000
2521 315 369.613000
2522 315 369.289000
2523 315 369.964000
2524 316 369.639000
2525 316 371.314000
2526 316 370.988000
2527 317 370.662000
2528 317 371.337000
2529 316 371.012000
2530 316 370.687000
2531 316 371.362000
2532 316 371.037000
2533 316 370.712000
2534 316 371.386000
2535 317 371.060000
2536 317 371.734000
2537 317 371.408000
2538 317 371.082000
2539 317 370.756000
2540 317 371.429000
2541 318 371.102000
2542 318 370.776000
2543 317 370.450000
2544 317 371.124000
2545 317 370.798000
2546 317 370.472000
2547 317 371.147000
2548 316 370.822000
2549 316 370.498000
2550 315 370.174000
2551 315 369.850000
2552 315 369.525000
2553 316 369.201000
2554 315 368.878000
2555 314 368.555000
2556 314 368.232000
2557 314 367.909000
2558 314 367.586000
2559 314 367.264000
2560 313 366.942000
2561 313 366.620000
2562 313 366.298000
2563 313 365.976000
2564 313 366.654000
2565 313 366.332000
2566 313 366.010000
2567 313 365.689000
2568 312 365.369000
2569 311 365.049000
2570 311 364.728000
2571 312 364.407000
2572 312 364.086000
2573 312 363.765000
2574 312 363.444000
2575 312 363.123000
2576 312 363.803000
2577 311 364.483000
2578 311 364.164000
2579 310 364.845000
2580 310 364.526000
2581 310 364.207000
2582 310 364.888000
2583 310 364.569000
2584 310 364.251000
2585 309 363.933000
2586 309 363.615000
2587 309 365.297000
2588 309 364.979000
2589 309 364.661000
2590 309 364.343000
2591 309 364.024000
2592 310 363.705000
2593 310 363.386000
2594 310 363.067000
2595 310 362.748000
2596 310 362.429000
2597 310 362.110000
2598 310 361.791000
2599 310 361.472000
2600 310 361.153000
2601 310 361.834000
2602 310 361.515000
2603 310 361.196000
2604 310 360.876000
2605 311 360.556000
2606 311 360.237000
2607 310 359.917000
2608 311 359.598000
2609 310 359.278000
2610 311 358.958000
2611 311 358.638000
2612 311 358.318000
2613 311 357.999000
2614 310 357.681000
2615 309 357.363000
2616 309 357.045000
2617 309 356.727000
2618 309 356.409000
2619 309 356.091000
2620 309 355.773000
2621 309 355.455000
2622 309 355.137000
2623 309 354.819000
2624 309 354.501000
2625 309 354.183000
2626 309 353.866000
2627 308 353.548000
2628 309 353.230000
2629 309 352.912000
2630 309 352.593000
2631 310 352.274000
2632 310 351.955000
2633 310 351.635000
2634 311 351.316000
2635 310 351.997000
2636 310 351.678000
2637 310 351.359000
2638 310 352.039000
2639 311 351.719000
2640 311 351.399000
2641 311 351.079000
2642 311 350.759000
2643 311 350.438000
2644 312 350.117000
2645 312 349.796000
2646 312 349.475000
2647 312 350.153000
2648 313 349.831000
2649 313 349.509000
2650 313 349.187000
2651 313 348.865000
2652 313 348.543000
2653 313 349.221000
2654 313 348.899000
2655 313 348.577000
2656 313 348.255000
2657 313 347.933000
2658 313 347.612000
2659 312 347.291000
2660 312 346.970000
2661 312 346.649000
2662 312 346.328000
2663 312 346.007000
2664 312 345.686000
2665 312 345.365000
2666 312 346.045000
2667 311 346.725000
2668 311 346.404000
2669 312 346.083000
2670 312 346.762000
2671 312 347.440000
2672 313 347.118000
2673 313 346.796000
2674 313 346.473000
2675 314 346.150000
2676 314 345.827000
2677 314 345.503000
2678 315 345.179000
2679 315 344.855000
2680 315 344.531000
2681 315 344.207000
2682 315 343.882000
2683 316 343.557000
2684 316 343.232000
2685 316 342.907000
2686 316 342.582000
2687 316 342.257000
2688 316 341.932000
2689 316 341.607000
2690 316 341.282000
2691 316 341.957000
2692 316 341.632000
2693 316 341.307000
2694 316 340.982000
2695 316 340.657000
2696 316 340.333000
2697 315 341.009000
2698 315 340.685000
2699 315 340.361000
2700 315 340.037000
2701 315 339.713000
2702 315 339.390000
2703 314 339.067000
2704 314 338.743000
2705 315 338.419000
2706 315 338.095000
2707 315 337.771000
2708 315 337.447000
2709 315 337.123000
2710 315 338.799000
2711 315 338.475000
2712 315 338.152000
2713 314 337.829000
2714 314 337.506000
2715 314 337.184000
2716 313 336.862000
2717 313 336.540000
2718 313 336.218000
2719 313 335.897000
2720 312 336.576000
2721 312 336.254000
2722 313 335.932000
2723 313 335.609000
2724 314 335.286000
2725 314 334.963000
2726 314 334.640000
2727 314 334.316000
2728 315 333.992000
2729 315 334.669000
2730 314 334.346000
2731 314 335.023000
2732 314 336.699000
2733 315 336.374000
2734 316 336.049000
2735 316 335.724000
2736 316 335.399000
2737 316 335.074000
2738 316 334.749000
2739 316 335.423000
2740 317 335.098000
2741 316 334.773000
2742 316 335.448000
2743 316 336.123000
2744 316 335.798000
2745 316 335.473000
2746 316 335.148000
2747 316 334.823000
2748 316 334.499000
2749 315 334.175000
2750 315 334.852000
2751 314 334.529000
2752 314 334.206000
2753 314 333.883000
2754 314 333.559000
2755 315 333.235000
2756 315 332.912000
2757 314 332.590000
2758 313 332.268000
2759 313 331.946000
2760 313 331.624000
2761 313 331.302000
2762 313 330.979000
2763 314 330.656000
2764 314 330.333000
2765 314 330.010000
2766 314 330.687000
2767 314 330.364000
2768 314 330.040000
2769 315 329.716000
2770 315 329.393000
2771 314 329.070000
2772 314 328.748000
2773 313 328.426000
2774 313 328.104000
2775 313 327.782000
2776 313 327.460000
2777 313 327.138000
2778 313 326.816000
2779 313 326.494000
2780 313 326.172000
2781 313 325.850000
2782 313 325.528000
2783 313 326.205000
2784 314 325.882000
2785 314 325.559000
2786 314 325.236000
2787 314 324.913000
2788 314 324.590000
2789 314 324.267000
2790 314 323.944000
2791 314 323.621000
2792 314 323.297000
2793 315 322.974000
2794 314 323.650000
2795 315 323.327000
2796 314 323.004000
2797 314 322.682000
2798 313 322.360000
2799 313 322.038000
2800 313 321.716000
2801 313 321.393000
2802 314 321.070000
2803 314 320.747000
2804 314 320.424000
2805 314 320.100000
2806 315 319.776000
2807 315 320.452000
2808 315 320.128000
2809 315 319.803000
2810 316 319.479000
2811 315 319.155000
2812 315 319.830000
2813 316 319.505000
2814 316 319.180000
2815 316 318.855000
2816 316 318.530000
2817 316 318.206000
2818 315 318.882000
2819 315 318.559000
2820 314 318.236000
2821 314 317.913000
2822 314 318.589000
2823 315 319.266000
2824 314 318.943000
2825 314 318.620000
2826 314 319.296000
2827 315 318.973000
2828 314 318.650000
2829 314 318.326000
2830 315 318.001000
2831 316 317.676000
2832 316 317.352000
2833 315 317.029000
2834 314 316.706000
2835 314 316.383000
2836 314 316.061000
2837 313 315.739000
2838 313 315.418000
2839 312 316.097000
2840 312 315.775000
2841 313 315.453000
2842 313 315.131000
2843 313 314.809000
2844 313 315.487000
2845 313 315.165000
2846 313 314.843000
2847 313 314.521000
2848 313 314.200000
2849 312 314.879000
2850 312 314.558000
2851 312 315.237000
2852 312 314.915000
2853 313 314.593000
2854 313 314.271000
2855 313 313.950000
2856 312 313.630000
2857 311 314.309000
2858 312 313.988000
2859 312 313.667000
2860 312 313.346000
2861 312 313.025000
2862 312 312.704000
2863 312 312.383000
2864 312 312.062000
2865 312 311.741000
2866 312 312.420000
2867 312 312.099000
2868 312 311.779000
2869 311 311.459000
2870 311 311.139000
2871 311 311.819000
2872 311 311.499000
2873 311 311.179000
2874 311 311.859000
2875 311 311.539000
2876 311 311.220000
2877 310 310.901000
2878 310 310.581000
2879 311 310.261000
2880 311 309.941000
2881 311 309.621000
2882 311 309.301000
2883 311 308.981000
2884 311 309.661000
2885 311 309.341000
2886 311 309.021000
2887 311 308.701000
2888 311 308.382000
2889 310 308.063000
2890 310 307.744000
2891 310 307.426000
2892 309 308.108000
2893 309 307.789000
2894 310 307.470000
2895 310 307.151000
2896 310 307.832000
2897 310 307.513000
2898 310 307.194000
2899 310 307.876000
2900 309 307.558000
2901 309 307.240000
2902 309 306.922000
2903 309 307.604000
2904 309 307.286000
2905 309 307.968000
2906 309 307.651000
2907 308 307.333000
2908 309 307.016000
2909 308 307.700000
2910 307 307.384000
2911 307 307.069000
2912 306 306.753000
2913 307 306.437000
2914 307 306.120000
2915 308 306.804000
2916 307 306.488000
2917 307 306.172000
2918 307 305.855000
2919 308 305.537000
2920 309 306.219000
2921 309 305.901000
2922 309 305.583000
2923 309 305.265000
2924 309 304.946000
2925 310 304.627000
2926 310 304.308000
2927 310 303.989000
2928 310 303.670000
2929 310 304.351000
2930 310 304.032000
2931 310 303.713000
2932 310 303.393000
2933 311 303.072000
2934 312 304.751000
2935 312 304.430000
2936 312 304.109000
2937 312 303.789000
2938 311 303.469000
2939 311 303.149000
2940 311 302.829000
2941 311 302.508000
2942 312 302.187000
2943 312 301.865000
2944 313 301.543000
2945 313 301.221000
2946 313 300.899000
2947 313 300.578000
2948 312 300.257000
2949 312 299.935000
2950 313 300.613000
2951 313 300.291000
2952 313 299.969000
2953 313 300.647000
2954 313 300.326000
2955 312 301.005000
2956 312 301.685000
2957 311 301.365000
2958 311 301.046000
2959 310 300.727000
2960 310 300.408000
2961 310 300.090000
2962 309 299.773000
2963 308 299.456000
2964 308 299.140000
2965 307 298.824000
2966 307 298.508000
2967 307 298.192000
2968 307 297.876000
2969 307 297.560000
2970 307 297.244000
2971 307 296.927000
2972 308 296.610000
2973 308 296.292000
2974 309 295.974000
2975 309 295.656000
2976 309 295.338000
2977 309 295.021000
2978 308 294.703000
2979 309 294.384000
2980 310 294.065000
2981 310 293.746000
2982 310 293.427000
2983 310 293.109000
2984 309 292.792000
2985 308 292.475000
2986 308 293.158000
2987 308 292.841000
2988 308 293.525000
2989 307 293.210000
2990 306 292.895000
2991 306 292.580000
2992 306 292.265000
2993 306 291.951000
2994 305 291.636000
2995 306 291.321000
2996 306 291.006000
2997 306 291.691000
2998 306 291.376000
2999 306 291.060000
3000 307 290.744000
3001 307 291.429000
3002 306 291.114000
3003 306 290.800000
3004 305 290.486000
3005 305 290.172000
3006 305 290.858000
3007 305 290.545000
3008 304 290.232000
3009 304 289.919000
3010 304 289.606000
3011 304 290.294000
3012 303 289.982000
3013 303 289.670000
3014 303 289.358000
3015 303 289.046000
3016 303 288.734000
3017 303 288.422000
3018 303 288.110000
3019 303 287.798000
3020 303 287.486000
3021 303 287.174000
3022 303 288.862000
3023 303 288.550000
3024 303 288.238000
3025 303 288.926000
3026 303 288.614000
3027 303 288.302000
3028 303 287.990000
3029 303 287.679000
3030 302 288.368000
3031 302 288.056000
3032 303 287.744000
3033 303 288.432000
3034 303 288.120000
3035 303 287.808000
3036 303 289.496000
3037 303 289.184000
3038 303 288.872000
3039 303 288.560000
3040 303 288.248000
3041 303 287.936000
3042 303 287.624000
3043 303 287.312000
3044 303 287.000000
3045 303 286.688000
3046 303 286.376000
3047 303 286.064000
3048 303 285.752000
3049 303 285.441000
3050 302 285.130000
3051 302 284.819000
3052 302 284.509000
3053 301 284.199000
3054 301 283.889000
3055 301 283.579000
3056 301 284.269000
3057 301 283.959000
3058 301 283.649000
3059 301 283.339000
3060 301 283.029000
3061 301 282.718000
3062 302 282.407000
3063 302 282.096000
3064 302 281.785000
3065 302 281.474000
3066 302 281.163000
3067 302 280.851000
3068 303 280.539000
3069 303 280.227000
3070 303 279.915000
3071 303 280.603000
3072 303 280.291000
3073 303 280.980000
3074 302 280.669000
3075 302 280.358000
3076 302 280.047000
3077 302 280.735000
3078 303 280.423000
3079 303 280.111000
3080 303 279.798000
3081 304 279.485000
3082 304 279.172000
3083 304 278.859000
3084 304 279.545000
3085 305 279.231000
3086 305 278.917000
3087 305 279.603000
3088 305 279.290000
3089 304 278.977000
3090 304 278.664000
3091 304 278.351000
3092 304 278.038000
3093 304 277.725000
3094 304 277.412000
3095 304 277.099000
3096 304 276.786000
3097 304 276.473000
3098 304 276.160000
3099 304 275.847000
3100 304 275.534000
3101 304 275.221000
3102 304 274.908000
3103 304 275.595000
3104 304 275.282000
3105 304 275.968000
3106 305 275.654000
3107 305 276.340000
3108 305 276.026000
3109 305 275.712000
3110 305 275.399000
3111 304 275.087000
3112 303 274.775000
3113 303 274.463000
3114 303 274.151000
3115 303 273.838000
3116 304 273.526000
3117 303 273.214000
3118 303 272.902000
3119 303 272.590000
3120 303 272.278000
3121 303 271.965000
3122 304 271.651000
3123 305 271.337000
3124 305 271.023000
3125 305 270.709000
3126 305 270.395000
3127 305 270.081000
3128 305 269.767000
3129 305 269.453000
3130 305 269.139000
3131 305 268.825000
3132 305 268.511000
3133 305 268.197000
3134 305 267.883000
3135 305 267.568000
3136 306 267.253000
3137 306 266.937000
3138 307 266.621000
3139 307 266.305000
3140 307 265.988000
3141 308 265.671000
3142 308 265.354000
3143 308 265.037000
3144 308 264.720000
3145 308 264.403000
3146 308 264.086000
3147 308 263.769000
3148 308 263.452000
3149 308 263.135000
3150 308 262.818000
3151 308 262.501000
3152 308 262.184000
3153 308 261.868000
3154 307 262.552000
3155 307 263.236000
3156 307 262.919000
3157 308 262.602000
3158 308 262.285000
3159 308 261.969000
3160 307 261.652000
3161 308 261.336000
3162 307 261.019000
3163 308 261.702000
3164 308 261.386000
3165 307 261.071000
3166 306 260.757000
3167 305 260.443000
3168 305 260.129000
3169 305 259.815000
3170 305 261.501000
3171 305 261.187000
3172 305 260.872000
3173 306 260.557000
3174 306 260.242000
3175 306 259.926000
3176 307 260.610000
3177 307 260.294000
3178 307 260.978000
3179 307 261.662000
3180 307 261.346000
3181 307 261.030000
3182 307 260.713000
3183 308 260.396000
3184 308 260.078000
3185 309 259.760000
3186 309 261.443000
3187 308 262.126000
3188 308 262.809000
3189 308 262.492000
3190 308 262.175000
3191 308 261.858000
3192 308 261.540000
3193 309 261.222000
3194 309 260.904000
3195 309 260.586000
3196 309 260.268000
3197 309 259.949000
3198 310 259.629000
3199 311 259.309000
3200 311 258.989000
3201 311 258.668000
3202 312 258.347000
3203 312 258.026000
3204 312 258.705000
3205 312 258.384000
3206 312 258.063000
3207 312 257.742000
3208 312 257.421000
3209 312 257.100000
3210 312 256.779000
3211 312 256.458000
3212 312 256.137000
3213 312 255.815000
3214 313 255.493000
3215 313 255.171000
3216 313 254.849000
3217 313 254.527000
3218 313 254.205000
3219 313 253.883000
3220 313 253.560000
3221 314 253.236000
3222 315 252.912000
3223 315 252.589000
3224 314 252.266000
3225 314 251.943000
3226 314 251.620000
3227 314 251.297000
3228 314 250.974000
3229 314 250.652000
3230 313 250.330000
3231 313 250.008000
3232 313 250.687000
3233 312 250.365000
3234 313 250.043000
3235 313 249.721000
3236 313 249.399000
3237 313 249.077000
3238 313 248.755000
3239 313 248.433000
3240 313 248.111000
3241 313 247.788000
3242 314 247.465000
3243 314 247.142000
3244 314 246.819000
3245 314 246.496000
3246 314 246.173000
3247 314 245.850000
3248 314 245.527000
3249 314 245.204000
3250 314 244.881000
3251 314 244.558000
3252 314 244.235000
3253 314 243.911000
3254 315 243.587000
3255 315 243.263000
3256 315 242.938000
3257 316 242.613000
3258 316 242.289000
3259 315 241.965000
3260 315 241.641000
3261 315 241.317000
3262 315 240.993000
3263 315 240.669000
3264 315 240.344000
3265 316 240.019000
3266 316 239.694000
3267 316 239.369000
3268 316 239.044000
3269 316 238.719000
3270 316 238.395000
3271 315 238.070000
3272 316 237.745000
3273 316 237.419000
3274 317 237.092000
3275 318 236.765000
3276 318 236.437000
3277 319 236.109000
3278 319 235.781000
3279 319 235.453000
3280 319 235.124000
3281 320 234.795000
3282 320 235.466000
3283 320 237.138000
3284 319 236.810000
3285 319 236.482000
3286 319 236.154000
3287 319 236.826000
3288 319 236.499000
3289 318 236.172000
3290 318 235.845000
3291 318 235.518000
3292 318 235.191000
3293 318 234.865000
3294 317 234.539000
3295 317 236.213000
3296 317 235.887000
3297 317 235.561000
3298 317 235.235000
3299 317 234.909000
3300 317 234.583000
3301 317 235.257000
3302 317 234.930000
3303 318 234.604000
3304 317 234.278000
3305 317 233.952000
3306 317 233.626000
3307 317 234.300000
3308 317 233.975000
3309 316 233.650000
3310 316 233.326000
3311 315 233.002000
3312 315 232.677000
3313 316 232.352000
3314 316 232.027000
3315 316 231.702000
3316 316 231.377000
3317 316 231.052000
3318 316 230.727000
3319 316 231.401000
3320 317 231.076000
3321 316 230.750000
3322 317 230.424000
3323 317 231.097000
3324 318 232.770000
3325 318 232.444000
3326 317 232.118000
3327 317 231.792000
3328 317 231.466000
3329 317 231.139000
3330 318 230.812000
3331 318 230.485000
3332 318 230.158000
3333 318 229.831000
3334 318 229.504000
3335 318 229.177000
3336 318 228.851000
3337 317 228.525000
3338 317 228.199000
3339 317 227.874000
3340 316 227.549000
3341 316 227.224000
3342 316 226.898000
3343 317 226.573000
3344 316 226.248000
3345 316 225.924000
3346 315 225.600000
3347 315 225.276000
3348 315 225.951000
3349 316 225.625000
3350 317 225.299000
3351 317 224.974000
3352 316 224.649000
3353 316 224.323000
3354 317 223.996000
3355 318 223.669000
3356 318 223.341000
3357 319 223.013000
3358 319 222.684000
3359 320 223.355000
3360 320 223.026000
3361 320 222.697000
3362 320 223.368000
3363 320 223.039000
3364 320 222.710000
3365 320 223.382000
3366 319 223.053000
3367 320 223.724000
3368 320 223.394000
3369 321 223.064000
3370 321 222.734000
3371 321 222.404000
3372 321 222.073000
3373 322 221.742000
3374 322 221.411000
3375 322 221.080000
3376 322 220.748000
3377 323 221.416000
3378 323 221.084000
3379 323 220.752000
3380 323 220.421000
3381 322 220.090000
3382 322 220.759000
3383 322 220.428000
3384 322 220.097000
3385 322 219.766000
3386 322 219.435000
3387 322 219.104000
3388 322 219.772000
3389 323 219.440000
3390 323 219.108000
3391 323 219.776000
3392 323 219.444000
3393 323 219.113000
3394 322 218.781000
3395 323 218.449000
3396 323 218.117000
3397 323 217.786000
3398 322 217.455000
3399 322 217.124000
3400 322 216.793000
3401 322 216.462000
3402 322 216.131000
3403 322 217.800000
3404 322 217.469000
3405 322 217.138000
3406 322 216.807000
3407 322 216.476000
3408 322 216.145000
3409 322 215.814000
3410 322 215.483000
3411 322 215.152000
3412 322 215.821000
3413 322 215.490000
3414 322 215.159000
3415 322 214.828000
3416 322 214.497000
3417 322 214.165000
3418 323 213.833000
3419 323 213.501000
3420 323 213.169000
3421 323 212.837000
3422 323 212.506000
3423 322 212.175000
3424 322 211.844000
3425 322 211.513000
3426 322 211.182000
3427 322 210.851000
3428 322 210.520000
3429 322 210.190000
3430 321 209.860000
3431 321 209.530000
3432 321 209.200000
3433 321 208.870000
3434 321 208.541000
3435 320 208.212000
3436 320 207.883000
3437 320 207.554000
3438 320 207.224000
3439 321 206.894000
3440 321 206.564000
3441 321 206.234000
3442 321 205.904000
3443 321 205.574000
3444 321 206.244000
3445 321 205.914000
3446 321 205.585000
3447 320 205.256000
3448 320 204.927000
3449 320 204.598000
3450 320 204.269000
3451 320 203.940000
3452 320 206.611000
3453 320 206.281000
3454 321 205.951000
3455 321 205.621000
3456 321 205.291000
3457 321 204.961000
3458 321 204.632000
3459 320 204.302000
3460 321 203.972000
3461 321 203.642000
3462 321 203.312000
3463 321 202.982000
3464 321 202.652000
3465 321 202.322000
3466 321 201.992000
3467 321 201.662000
3468 321 201.333000
3469 320 201.005000
3470 319 201.677000
3471 319 201.350000
3472 318 203.023000
3473 318 202.696000
3474 318 202.369000
3475 318 202.041000
3476 319 201.712000
3477 320 201.383000
3478 320 202.053000
3479 321 201.723000
3480 321 201.393000
3481 321 201.062000
3482 322 200.731000
3483 322 200.400000
3484 322 200.069000
3485 322 199.738000
3486 322 200.407000
3487 322 200.076000
3488 322 199.745000
3489 322 199.415000
3490 321 199.086000
3491 320 198.757000
3492 320 198.428000
3493 320 198.099000
3494 320 197.770000
3495 320 197.441000
3496 320 197.112000
3497 320 196.783000
3498 320 196.454000
3499 320 196.125000
3500 320 195.796000
3501 320 196.467000
3502 320 196.138000
3503 320 195.809000
3504 320 195.480000
3505 320 195.152000
3506 319 194.824000
3507 319 194.496000
3508 319 194.168000
3509 319 193.840000
3510 319 194.512000
3511 319 194.184000
3512 319 193.856000
3513 319 193.528000
3514 319 193.200000
3515 319 192.872000
3516 319 192.544000
3517 319 192.216000
3518 319 191.887000
3519 320 191.558000
3520 320 191.229000
3521 320 190.900000
3522 320 190.571000
3523 320 190.241000
3524 321 190.910000
3525 322 190.579000
3526 322 190.247000
3527 323 189.915000
3528 323 189.583000
3529 323 189.250000
3530 324 188.916000
3531 325 188.582000
3532 325 188.248000
3533 325 187.914000
3534 325 187.580000
3535 325 187.246000
3536 325 186.913000
3537 324 186.580000
3538 324 186.247000
3539 324 185.915000
3540 323 185.583000
3541 323 185.251000
3542 323 184.919000
3543 323 184.587000
3544 323 184.255000
3545 323 183.923000
3546 323 183.592000
3547 322 183.261000
3548 322 182.931000
3549 321 182.601000
3550 321 183.271000
3551 321 182.940000
3552 322 182.609000
3553 322 182.277000
3554 323 182.945000
3555 323 182.613000
3556 323 182.282000
3557 322 181.951000
3558 322 182.621000
3559 321 182.291000
3560 321 181.961000
3561 321 181.631000
3562 321 181.302000
3563 320 180.973000
3564 320 180.644000
3565 320 180.315000
3566 320 179.986000
3567 320 179.657000
3568 320 179.327000
3569 321 178.997000
3570 321 178.667000
3571 321 179.337000
3572 321 179.007000
3573 321 178.676000
3574 322 178.345000
3575 322 178.014000
3576 322 177.683000
3577 322 177.353000
3578 321 177.023000
3579 321 176.693000
3580 321 176.363000
3581 321 176.033000
3582 321 175.703000
3583 321 175.373000
3584 321 176.043000
3585 321 175.713000
3586 321 175.383000
3587 321 175.053000
3588 321 174.722000
3589 322 175.391000
3590 322 175.060000
3591 322 174.729000
3592 322 174.398000
3593 322 174.067000
3594 322 174.735000
3595 323 174.403000
3596 323 174.071000
3597 323 173.738000
3598 324 173.405000
3599 324 173.072000
3600 324 172.739000
3601 324 172.407000
3602 323 172.075000
3603 323 171.743000
3604 323 171.411000
3605 323 171.079000
3606 323 170.747000
3607 323 170.415000
3608 323 171.083000
3609 323 170.751000
3610 323 170.419000
3611 323 170.087000
3612 323 170.755000
3613 323 170.424000
3614 322 171.093000
3615 322 171.762000
3616 322 171.431000
3617 322 171.100000
3618 322 170.769000
3619 322 170.439000
3620 321 170.109000
3621 321 169.779000
3622 321 169.449000
3623 321 170.119000
3624 321 169.789000
3625 321 169.459000
3626 321 169.129000
3627 321 168.799000
3628 321 168.470000
3629 320 168.141000
3630 320 167.812000
3631 320 167.483000
3632 320 167.155000
3633 319 166.827000
3634 319 166.499000
3635 319 166.171000
3636 319 165.844000
3637 318 165.517000
3638 318 165.190000
3639 318 164.863000
3640 318 164.537000
3641 317 165.211000
3642 317 164.885000
3643 317 164.560000
3644 316 165.235000
3645 316 164.910000
3646 316 164.585000
3647 316 164.260000
3648 316 165.935000
3649 316 166.610000
3650 316 166.286000
3651 315 166.973000
3652 313 166.661000
3653 312 166.349000
3654 312 166.038000
3655 311 165.728000
3656 310 165.419000
3657 309 165.111000
3658 308 165.803000
3659 308 165.496000
3660 307 166.190000
3661 306 165.885000
3662 305 165.581000
3663 304 165.278000
3664 303 164.976000
3665 302 164.675000
3666 301 164.375000
3667 300 164.076000
3668 299 163.777000
3669 299 164.479000
3670 298 164.182000
3671 297 163.886000
3672 296 163.591000
3673 295 163.296000
3674 295 165.002000
3675 294 164.708000
3676 294 164.415000
3677 293 165.123000
3678 292 165.832000
3679 291 166.542000
3680 290 167.253000
3681 289 166.965000
3682 288 166.678000
3683 287 166.392000
3684 286 166.107000
3685 285 165.822000
3686 285 166.538000
3687 284 166.255000
3688 283 166.973000
3689 282 166.692000
3690 281 167.411000
3691 281 167.130000
3692 281 167.849000
3693 281 167.569000
3694 280 167.290000
3695 279 168.012000
3696 278 167.735000
3697 277 167.459000
3698 276 167.184000
3699 275 166.910000
3700 274 166.637000
3701 273 166.364000
3702 273 167.092000
3703 272 166.821000
3704 271 166.550000
3705 271 166.280000
3706 270 166.011000
3707 269 165.743000
3708 268 165.475000
3709 268 165.208000
3710 267 164.941000
3711 267 164.675000
3712 266 164.410000
3713 265 164.146000
3714 264 163.883000
3715 263 164.621000
3716 262 164.359000
3717 262 164.098000
3718 261 164.838000
3719 260 164.579000
3720 259 164.321000
3721 258 164.064000
3722 257 163.808000
3723 256 163.553000
3724 255 163.299000
3725 254 163.046000
3726 253 162.794000
3727 252 162.543000
3728 251 162.293000
3729 250 162.044000
3730 249 161.795000
3731 249 161.547000
3732 248 161.300000
3733 247 161.054000
3734 246 160.809000
3735 245 160.565000
3736 244 160.322000
3737 243 160.080000
3738 242 159.839000
3739 241 159.599000
3740 240 159.360000
3741 239 159.122000
3742 238 158.885000
3743 237 158.649000
3744 236 158.414000
3745 235 158.179000
3746 235 158.945000
3747 234 159.712000
3748 233 159.480000
3749 232 159.249000
3750 231 160.019000
3751 230 159.790000
3752 229 159.562000
3753 228 159.335000
3754 227 159.109000
3755 226 158.884000
3756 225 158.660000
3757 224 158.437000
3758 223 158.214000
3759 223 157.992000
3760 222 157.771000
3761 221 157.551000
3762 220 157.331000
3763 220 157.112000
3764 219 156.894000
3765 218 156.677000
3766 217 156.461000
3767 216 157.246000
3768 215 157.032000
3769 214 157.819000
3770 213 157.607000
3771 212 157.396000
3772 211 157.186000
3773 210 156.977000
3774 209 157.769000
3775 208 157.562000
3776 207 157.356000
3777 206 157.151000
3778 205 156.947000
3779 204 156.743000
3780 204 156.540000
3781 203 156.338000
3782 202 157.137000
3783 201 156.937000
3784 200 156.738000
3785 199 156.540000
3786 198 156.343000
3787 197 156.146000
3788 197 155.950000
3789 196 156.755000
3790 195 157.561000
3791 194 157.368000
3792 193 157.176000
3793 192 156.985000
3794 191 156.794000
3795 191 156.604000
3796 190 156.415000
3797 189 156.227000
3798 188 156.040000
3799 187 155.853000
3800 187 155.667000
3801 186 155.482000
3802 185 155.298000
3803 184 155.115000
3804 183 154.933000
3805 182 154.752000
3806 181 154.572000
3807 180 154.393000
3808 179 155.215000
3809 178 155.038000
3810 177 154.862000
3811 176 154.686000
3812 176 154.511000
3813 175 154.337000
3814 174 155.164000
3815 173 154.992000
3816 172 154.821000
3817 171 154.651000
3818 170 154.482000
3819 169 154.314000
3820 168 154.147000
3821 167 153.981000
3822 166 153.816000
3823 165 153.651000
3824 165 154.487000
3825 164 154.324000
3826 163 154.162000
3827 162 154.001000
3828 161 153.841000
3829 160 153.682000
3830 159 153.524000
3831 158 153.367000
3832 157 153.211000
3833 156 153.055000
3834 156 152.899000
3835 156 153.744000
3836 155 153.589000
3837 155 153.435000
3838 154 153.282000
3839 153 153.130000
3840 152 152.979000
3841 151 152.829000
3842 150 152.680000
3843 149 152.532000
3844 148 152.385000
3845 147 152.239000
3846 146 152.094000
3847 145 151.950000
3848 144 151.807000
3849 143 151.665000
3850 142 151.524000
3851 141 151.384000
3852 140 151.245000
3853 139 152.107000
3854 138 153.969000
3855 138 153.831000
3856 138 153.694000
3857 137 153.558000
3858 136 154.423000
3859 135 154.289000
3860 134 154.156000
3861 133 154.024000
3862 132 153.893000
3863 131 153.763000
3864 130 153.634000
3865 129 154.506000
3866 128 154.379000
3867 127 154.253000
3868 126 154.128000
3869 125 154.004000
3870 124 153.880000
3871 124 153.757000
3872 123 153.635000
3873 122 153.514000
3874 121 153.394000
3875 120 153.275000
3876 119 153.157000
3877 118 153.040000
3878 117 152.924000
3879 116 152.809000
3880 115 152.695000
3881 114 152.582000
3882 113 152.470000
3883 112 152.359000
3884 111 152.249000
3885 110 152.140000
3886 109 152.032000
3887 108 151.925000
3888 107 151.819000
3889 106 151.714000
3890 105 152.610000
3891 104 152.507000
3892 103 152.405000
3893 102 152.304000
3894 101 152.204000
3895 100 152.105000
3896 99 152.006000
3897 99 151.908000
3898 98 151.811000
3899 97 151.715000
3900 96 151.620000
3901 95 151.525000
3902 95 151.431000
3903 94 151.338000
3904 93 151.245000
3905 93 151.153000
3906 92 151.062000
3907 91 150.972000
3908 90 150.883000
3909 89 150.795000
3910 88 150.708000
3911 87 150.621000
3912 87 150.535000
3913 86 151.449000
3914 86 151.364000
3915 85 151.280000
3916 84 151.197000
3917 83 152.115000
3918 82 152.034000
3919 81 151.954000
3920 80 151.875000
3921 79 151.796000
3922 79 151.718000
3923 78 151.640000
3924 78 151.563000
3925 77 151.487000
3926 76 152.412000
3927 75 152.337000
3928 75 152.263000
3929 74 152.190000
3930 73 152.118000
3931 72 152.047000
3932 71 151.977000
3933 70 151.908000
3934 69 151.840000
3935 68 151.773000
3936 67 151.707000
3937 66 151.642000
3938 65 151.578000
3939 64 151.515000
3940 63 151.453000
3941 62 151.392000
3942 61 151.331000
3943 61 151.271000
3944 60 151.212000
3945 59 151.154000
3946 58 151.097000
3947 57 151.041000
3948 56 150.986000
3949 55 150.932000
3950 54 150.879000
3951 53 150.827000
3952 52 150.776000
3953 51 150.726000
3954 50 150.677000
3955 49 150.629000
3956 48 150.582000
3957 47 150.536000
3958 46 150.491000
3959 45 150.447000
3960 44 150.404000
3961 43 150.362000
3962 42 150.321000
3963 41 150.281000
3964 40 150.242000
3965 39 150.204000
3966 38 150.166000
3967 38 150.129000
3968 37 150.093000
3969 36 150.058000
3970 35 150.024000
3971 34 149.991000
3972 33 149.959000
3973 32 149.928000
3974 31 149.898000
3975 30 149.869000
3976 29 149.841000
3977 28 149.814000
3978 27 149.787000
3979 27 149.761000
3980 26 149.736000
3981 25 149.712000
3982 24 149.689000
3983 23 149.667000
3984 22 149.645000
3985 22 149.624000
3986 21 149.604000
3987 20 149.585000
3988 19 149.566000
3989 19 149.548000
3990 18 149.531000
3991 17 149.515000
3992 16 149.500000
3993 15 149.485000
3994 15 149.471000
3995 14 149.458000
3996 13 149.446000
3997 12 149.434000
3998 12 149.423000
3999 11 149.413000
4000 10 149.403000
4001 10 149.393000
4002 10 149.384000
4003 9 149.376000
4004 8 149.369000
4005 7 149.362000
4006 7 149.356000
4007 6 149.351000
4008 5 149.346000
4009 5 149.342000
4010 4 149.339000
4011 3 149.337000
4012 2 149.336000
4013 1 149.335000
4014 1 149.335000
4015 0 149.335000
4016 0 149.335000
4017 0 149.335000
4018 0 149.335000
4019 0 149.335000
4020 0 149.335000
4021 0 149.335000
4022 0 149.335000
4023 0 149.335000
4024 0 149.335000
4025 0 149.335000
4026 0 149.335000
4027 0 149.335000
4028 0 149.335000
4029 0 149.335000
4030 0 149.335000
4031 0 149.335000
4032 0 149.335000
4033 0 149.335000
4034 0 149.335000
4035 0 149.335000
4036 0 149.335000
4037 0 149.335000
4038 0 149.335000
4039 0 149.335000
4040 0 149.335000
4041 0 149.335000
4042 0 149.335000
4043 0 149.335000
4044 0 149.335000
4045 0 149.335000
4046 0 149.335000
4047 0 149.335000
4048 0 149.335000
4049 0 149.335000
4050 0 149.335000
4051 0 149.335000
4052 0 149.335000
4053 0 149.335000
4054 0 149.335000
4055 0 149.335000
4056 0 149.335000
4057 0 149.335000
4058 0 149.335000
4059 0 149.335000
4060 0 149.335000
4061 0 149.335000
4062 0 149.335000
4063 0 149.335000
4064 0 149.335000
4065 0 149.335000
4066 0 149.335000
4067 0 149.335000
4068 0 149.335000
4069 0 149.335000
4070 0 149.335000
4071 0 149.335000
4072 0 149.335000
4073 0 149.335000
4074 0 149.335000
4075 0 149.335000
4076 0 149.335000
4077 0 149.335000
4078 0 149.335000
4079 0 149.335000
4080 0 149.335000
4081 0 149.335000
4082 0 149.335000
4083 0 149.335000
4084 0 149.335000
4085 0 149.335000
